new_id	eid
0	7343
1	7584
2	13335
3	8880
4	5428
5	12923
6	11759
7	12444
8	10646
9	10285
10	12744
11	3589
12	11579
13	11792
14	4233
15	5072
16	3425
17	8301
18	4988
19	3388
20	3144
21	10494
22	4636
23	12677
24	7205
25	9227
26	13628
27	8411
28	9796
29	10380
30	13791
31	3979
32	11384
33	10166
34	10989
35	5541
36	12551
37	6803
38	8949
39	12084
40	9203
41	3881
42	10596
43	12950
44	4662
45	8709
46	4864
47	5067
48	13371
49	3858
50	13773
51	7040
52	11861
53	13049
54	3053
55	4083
56	5410
57	12701
58	9236
59	9312
60	13283
61	6987
62	11500
63	9257
64	9143
65	12287
66	7766
67	8764
68	6384
69	10283
70	12032
71	11584
72	7402
73	3827
74	12806
75	3632
76	11392
77	10845
78	8884
79	12017
80	9053
81	3181
82	5254
83	3281
84	12678
85	9880
86	11460
87	7729
88	3355
89	8890
90	7613
91	5888
92	12992
93	3744
94	6974
95	8037
96	10488
97	11626
98	11986
99	8142
100	4645
101	13070
102	4730
103	9544
104	9101
105	7996
106	10306
107	9500
108	13488
109	5357
110	3211
111	7022
112	13161
113	13756
114	12232
115	13701
116	13501
117	6975
118	10199
119	13512
120	6322
121	9967
122	9049
123	5023
124	10206
125	12801
126	13492
127	10041
128	8588
129	3358
130	4511
131	5785
132	6997
133	3338
134	7957
135	3539
136	12134
137	10353
138	8257
139	11755
140	8519
141	8817
142	5003
143	4077
144	10636
145	13637
146	9097
147	12268
148	12065
149	10894
150	3919
151	3407
152	5015
153	3661
154	4070
155	12686
156	8612
157	13162
158	9875
159	7146
160	9376
161	3229
162	4858
163	6274
164	8610
165	8921
166	12482
167	12132
168	9025
169	3745
170	7312
171	13236
172	13122
173	13655
174	11929
175	9729
176	4184
177	5379
178	5938
179	6843
180	12524
181	9825
182	6202
183	9941
184	13540
185	10242
186	10072
187	6641
188	3668
189	9904
190	4386
191	12723
192	3783
193	5804
194	12001
195	4332
196	9184
197	12836
198	11402
199	6605
200	12567
201	5949
202	7896
203	10581
204	6535
205	12222
206	5257
207	13198
208	11047
209	5602
210	13401
211	11280
212	7051
213	3905
214	4987
215	7016
216	6357
217	8523
218	7168
219	3371
220	8697
221	13192
222	13534
223	5952
224	11750
225	10292
226	6045
227	5033
228	12886
229	10277
230	12559
231	3691
232	10409
233	9111
234	7021
235	4167
236	5390
237	5649
238	4517
239	3208
240	3809
241	6707
242	3318
243	8569
244	5645
245	9855
246	9580
247	3166
248	10865
249	10255
250	13101
251	9937
252	5021
253	3567
254	11126
255	13589
256	13687
257	4746
258	7204
259	3563
260	11852
261	5029
262	3473
263	9933
264	9215
265	5851
266	3114
267	3758
268	12535
269	9067
270	3408
271	9282
272	5882
273	10416
274	11388
275	6782
276	12512
277	4299
278	7412
279	8654
280	3042
281	9475
282	3786
283	4894
284	8124
285	10576
286	3146
287	6337
288	8253
289	12532
290	10225
291	13678
292	13604
293	3004
294	8260
295	4107
296	11448
297	6783
298	11864
299	8694
300	9583
301	11160
302	8116
303	8771
304	3810
305	3294
306	6237
307	6110
308	9379
309	4462
310	7240
311	6662
312	3723
313	11596
314	3463
315	6156
316	13261
317	8784
318	7104
319	6943
320	13578
321	11177
322	12054
323	6678
324	8023
325	10467
326	13355
327	6936
328	7803
329	13015
330	13124
331	4837
332	10263
333	9172
334	9569
335	11748
336	5622
337	4562
338	6988
339	7941
340	11980
341	4368
342	11741
343	13587
344	11229
345	11583
346	4437
347	6230
348	7972
349	11720
350	8900
351	11348
352	12290
353	8541
354	8795
355	7064
356	13152
357	13603
358	12746
359	11245
360	11084
361	3742
362	9356
363	7017
364	5555
365	11806
366	8168
367	7210
368	6910
369	8702
370	9407
371	12696
372	12660
373	4796
374	6900
375	6329
376	5313
377	10972
378	6190
379	4260
380	12336
381	6406
382	11593
383	3759
384	13691
385	13166
386	4654
387	11884
388	6335
389	3413
390	7555
391	6465
392	5801
393	7859
394	3687
395	10742
396	12932
397	11562
398	5739
399	8760
400	9149
401	12942
402	7945
403	10401
404	6083
405	5302
406	5972
407	13415
408	9074
409	10519
410	13486
411	10464
412	13646
413	9513
414	13031
415	10260
416	3823
417	7363
418	4587
419	10006
420	5830
421	9944
422	8145
423	11912
424	7699
425	13004
426	5421
427	6850
428	10230
429	8561
430	8312
431	12931
432	4116
433	6905
434	10967
435	9750
436	5742
437	9648
438	12816
439	8042
440	12650
441	8207
442	9136
443	11512
444	6089
445	7767
446	13144
447	3485
448	5211
449	11839
450	8700
451	9799
452	11096
453	12787
454	9694
455	8843
456	8100
457	10458
458	5461
459	4885
460	8440
461	7745
462	7292
463	5314
464	8276
465	12352
466	10626
467	11889
468	7073
469	6822
470	4639
471	7155
472	4139
473	3039
474	11751
475	5423
476	13467
477	5936
478	10886
479	12353
480	10587
481	6211
482	5083
483	7948
484	7713
485	7001
486	4397
487	12048
488	3285
489	4244
490	13197
491	6284
492	13347
493	6179
494	8222
495	12269
496	6265
497	5223
498	13361
499	12518
500	7911
501	6407
502	11066
503	4566
504	13545
505	9023
506	9486
507	12280
508	8212
509	10652
510	9178
511	12711
512	5009
513	9060
514	12999
515	9083
516	8438
517	5197
518	10408
519	8020
520	13277
521	3899
522	6559
523	8737
524	11459
525	10320
526	13260
527	5455
528	11153
529	12737
530	9472
531	7256
532	12399
533	4935
534	11816
535	7131
536	4020
537	11141
538	6861
539	3249
540	3350
541	10148
542	12046
543	10327
544	12857
545	12859
546	6380
547	7271
548	6857
549	7387
550	12163
551	8176
552	8121
553	6365
554	4904
555	6698
556	4200
557	6734
558	13640
559	6249
560	13632
561	8819
562	13121
563	13137
564	10350
565	3950
566	9473
567	12572
568	3701
569	3865
570	6954
571	8607
572	10720
573	3800
574	8114
575	5813
576	7217
577	6164
578	9334
579	8918
580	4371
581	6841
582	3098
583	11581
584	5584
585	7649
586	5635
587	6593
588	6608
589	11966
590	6058
591	7414
592	11979
593	9884
594	3913
595	6721
596	8904
597	3200
598	9404
599	7993
600	7709
601	13222
602	13507
603	11840
604	5818
605	12244
606	5794
607	11620
608	3370
609	13448
610	11831
611	8364
612	10109
613	12100
614	3518
615	9659
616	6818
617	6691
618	3765
619	5849
620	13212
621	7107
622	9964
623	13656
624	8844
625	8346
626	5522
627	12082
628	13205
629	7364
630	8071
631	11088
632	12111
633	6996
634	13575
635	8200
636	6082
637	8505
638	9528
639	11961
640	7401
641	13453
642	3001
643	6466
644	5911
645	12474
646	10692
647	4811
648	4222
649	7779
650	3270
651	7336
652	12775
653	9370
654	10323
655	9910
656	10853
657	12380
658	3869
659	10333
660	9845
661	4236
662	13102
663	3491
664	12104
665	6416
666	3159
667	4066
668	8563
669	7054
670	7467
671	9854
672	12614
673	12295
674	12504
675	4326
676	13240
677	10437
678	9511
679	5853
680	7379
681	7454
682	12673
683	5805
684	11957
685	11381
686	4733
687	11689
688	6674
689	8483
690	12924
691	11793
692	10270
693	8728
694	9848
695	7769
696	5872
697	10839
698	6499
699	12086
700	8852
701	3124
702	10032
703	7654
704	4822
705	8078
706	6735
707	5887
708	3269
709	4602
710	7129
711	5296
712	13113
713	4557
714	10191
715	5112
716	4977
717	7068
718	8170
719	3677
720	9930
721	11336
722	4744
723	5304
724	7137
725	13774
726	7624
727	10174
728	6142
729	3147
730	4082
731	8177
732	6883
733	3239
734	4398
735	7175
736	11269
737	13449
738	6135
739	11051
740	6171
741	5172
742	5895
743	13264
744	5117
745	8552
746	7322
747	11344
748	10724
749	13539
750	3676
751	9720
752	11740
753	13221
754	8166
755	11915
756	7404
757	9972
758	3245
759	7347
760	4198
761	9568
762	7743
763	13039
764	13458
765	7655
766	9132
767	6169
768	7385
769	8408
770	12424
771	7080
772	9441
773	8849
774	3829
775	6218
776	4176
777	12180
778	10837
779	8670
780	7380
781	9341
782	6133
783	4840
784	8418
785	3970
786	8283
787	11673
788	8643
789	4185
790	9229
791	3456
792	3871
793	3820
794	7686
795	7483
796	3937
797	5440
798	5024
799	11419
800	5924
801	9950
802	3417
803	4003
804	7848
805	4737
806	8640
807	12698
808	3514
809	6159
810	7184
811	5259
812	11134
813	5266
814	9127
815	10273
816	9940
817	10093
818	4702
819	4218
820	7158
821	5099
822	12278
823	3393
824	12633
825	11898
826	11559
827	12138
828	3933
829	5388
830	7207
831	9516
832	11209
833	13714
834	9492
835	5582
836	4448
837	13394
838	3934
839	12714
840	7383
841	13483
842	7640
843	11112
844	10732
845	8419
846	3720
847	12599
848	8128
849	10924
850	10108
851	10996
852	6856
853	5409
854	10146
855	5403
856	12895
857	5225
858	12710
859	9869
860	7442
861	10018
862	12227
863	10471
864	9285
865	6684
866	5724
867	7374
868	12248
869	8719
870	9897
871	11771
872	11055
873	10352
874	4757
875	5964
876	11266
877	7920
878	5043
879	7429
880	4349
881	4054
882	9134
883	9388
884	4268
885	8574
886	5791
887	9926
888	8329
889	6008
890	7340
891	12748
892	13741
893	13457
894	7886
895	7884
896	4399
897	12270
898	13062
899	4402
900	8582
901	8973
902	4345
903	7812
904	7695
905	9058
906	6084
907	3548
908	8827
909	8761
910	6168
911	3801
912	10268
913	6175
914	13742
915	7801
916	4820
917	8334
918	4175
919	9138
920	7605
921	13477
922	13418
923	10740
924	8537
925	11993
926	5662
927	11072
928	12174
929	9084
930	10822
931	13226
932	8953
933	11371
934	13094
935	5694
936	13150
937	11122
938	13461
939	13301
940	13627
941	3081
942	10489
943	10993
944	11516
945	9864
946	13079
947	9731
948	12662
949	10383
950	11600
951	9085
952	9377
953	5310
954	10937
955	4883
956	3489
957	4165
958	8246
959	12754
960	6621
961	12051
962	12721
963	6561
964	12584
965	9606
966	6588
967	12690
968	3311
969	9663
970	13576
971	4722
972	7420
973	5914
974	7771
975	5839
976	5082
977	7273
978	6149
979	9015
980	9192
981	10161
982	12962
983	8372
984	6797
985	4019
986	11313
987	4278
988	10020
989	4160
990	3897
991	6718
992	6226
993	7176
994	11106
995	7674
996	8352
997	6537
998	12665
999	10043
1000	8058
1001	13645
1002	11230
1003	3323
1004	3145
1005	13254
1006	13647
1007	9245
1008	5509
1009	3118
1010	5446
1011	10603
1012	9996
1013	8129
1014	12231
1015	11768
1016	8743
1017	9866
1018	4418
1019	11378
1020	13663
1021	11647
1022	10122
1023	13376
1024	10559
1025	3601
1026	12876
1027	5700
1028	4028
1029	6906
1030	11478
1031	12074
1032	10598
1033	5380
1034	11356
1035	11296
1036	8532
1037	4063
1038	9501
1039	11161
1040	12351
1041	5062
1042	5524
1043	3136
1044	4007
1045	8196
1046	13353
1047	4595
1048	10650
1049	3596
1050	12911
1051	8026
1052	9664
1053	8062
1054	12752
1055	8407
1056	12038
1057	6489
1058	6333
1059	10510
1060	5229
1061	4088
1062	11767
1063	13405
1064	10278
1065	3893
1066	12131
1067	5353
1068	10492
1069	10565
1070	10082
1071	10608
1072	8423
1073	12830
1074	12035
1075	11258
1076	11917
1077	10498
1078	7048
1079	9828
1080	8167
1081	6375
1082	7169
1083	11433
1084	6833
1085	6768
1086	4548
1087	11014
1088	12056
1089	6194
1090	6139
1091	6360
1092	11063
1093	6304
1094	13356
1095	7675
1096	4535
1097	10779
1098	6353
1099	3797
1100	4229
1101	8356
1102	9167
1103	12423
1104	7315
1105	5013
1106	13729
1107	3843
1108	6509
1109	6815
1110	6471
1111	10814
1112	12484
1113	7583
1114	4149
1115	6017
1116	9618
1117	6316
1118	4436
1119	13802
1120	7755
1121	2998
1122	3441
1123	10373
1124	3888
1125	6455
1126	9065
1127	9133
1128	9246
1129	12012
1130	7487
1131	5588
1132	9702
1133	10099
1134	10389
1135	13707
1136	4969
1137	9037
1138	10279
1139	13650
1140	12828
1141	3199
1142	12858
1143	8842
1144	8727
1145	5910
1146	6177
1147	4686
1148	8814
1149	5617
1150	6030
1151	5788
1152	6794
1153	5007
1154	9313
1155	4890
1156	7971
1157	4677
1158	11737
1159	3874
1160	4393
1161	11935
1162	5630
1163	3788
1164	5332
1165	5107
1166	7845
1167	3105
1168	11845
1169	13531
1170	12800
1171	4622
1172	12488
1173	7149
1174	9280
1175	12593
1176	12694
1177	7432
1178	6144
1179	4693
1180	4945
1181	4881
1182	6530
1183	13229
1184	4179
1185	3918
1186	9523
1187	8488
1188	9102
1189	4067
1190	5827
1191	9394
1192	6618
1193	10921
1194	6065
1195	11716
1196	13341
1197	8484
1198	8409
1199	6969
1200	6631
1201	12683
1202	9095
1203	13717
1204	4168
1205	9924
1206	12164
1207	5060
1208	6408
1209	9087
1210	7804
1211	7618
1212	6258
1213	8383
1214	13035
1215	4267
1216	12788
1217	5041
1218	3773
1219	9589
1220	8634
1221	3344
1222	12209
1223	8444
1224	10550
1225	7115
1226	3119
1227	12361
1228	7652
1229	13117
1230	4807
1231	13583
1232	6882
1233	4809
1234	8779
1235	12019
1236	12389
1237	6410
1238	11715
1239	10616
1240	7154
1241	6411
1242	4376
1243	12220
1244	8707
1245	12005
1246	6196
1247	9946
1248	6935
1249	8422
1250	8494
1251	11876
1252	4879
1253	8349
1254	12064
1255	9740
1256	13498
1257	11997
1258	5477
1259	3752
1260	9802
1261	7545
1262	7474
1263	12939
1264	5285
1265	6324
1266	11332
1267	8642
1268	12103
1269	13275
1270	12366
1271	10971
1272	13103
1273	4644
1274	5356
1275	13570
1276	11668
1277	3767
1278	4161
1279	8154
1280	4205
1281	5758
1282	12684
1283	12676
1284	10305
1285	12785
1286	5228
1287	9398
1288	4792
1289	3791
1290	7657
1291	4068
1292	10689
1293	6889
1294	6438
1295	8650
1296	4122
1297	8805
1298	8318
1299	5068
1300	11301
1301	8497
1302	13125
1303	12437
1304	13427
1305	5556
1306	12554
1307	5466
1308	7986
1309	9153
1310	3060
1311	11299
1312	12765
1313	9389
1314	8089
1315	9687
1316	12877
1317	11643
1318	11078
1319	3756
1320	4575
1321	6587
1322	9018
1323	7882
1324	7537
1325	11471
1326	11387
1327	5659
1328	8232
1329	11420
1330	6496
1331	3296
1332	3368
1333	7600
1334	13460
1335	3088
1336	12417
1337	9382
1338	13465
1339	7621
1340	3817
1341	6582
1342	10089
1343	12733
1344	6341
1345	9556
1346	7708
1347	4342
1348	11985
1349	4903
1350	3711
1351	5222
1352	5749
1353	11201
1354	4494
1355	8273
1356	8292
1357	12543
1358	7897
1359	13403
1360	4428
1361	6505
1362	8325
1363	4739
1364	3137
1365	11844
1366	10712
1367	13399
1368	11865
1369	6679
1370	10662
1371	8578
1372	13315
1373	12453
1374	9491
1375	13605
1376	8796
1377	6458
1378	11622
1379	12757
1380	3444
1381	8198
1382	5104
1383	13743
1384	6201
1385	12396
1386	8920
1387	9649
1388	5723
1389	12403
1390	6873
1391	5909
1392	6832
1393	8875
1394	10975
1395	7575
1396	10163
1397	11436
1398	10709
1399	8751
1400	12404
1401	10757
1402	10372
1403	6747
1404	7781
1405	11944
1406	9522
1407	12507
1408	12294
1409	11339
1410	6596
1411	12108
1412	6728
1413	4967
1414	12242
1415	9922
1416	4040
1417	7806
1418	8234
1419	6386
1420	7289
1421	4080
1422	6507
1423	5118
1424	5537
1425	5123
1426	3740
1427	10092
1428	9103
1429	12302
1430	6470
1431	6845
1432	5125
1433	8150
1434	5608
1435	4706
1436	7079
1437	3922
1438	9685
1439	7549
1440	7323
1441	13425
1442	7596
1443	8604
1444	12529
1445	13080
1446	3419
1447	8739
1448	7126
1449	10079
1450	6245
1451	13804
1452	11826
1453	11418
1454	7264
1455	3219
1456	10486
1457	13676
1458	6180
1459	7324
1460	7901
1461	11504
1462	10954
1463	10324
1464	13513
1465	13178
1466	9497
1467	7121
1468	3749
1469	12119
1470	5384
1471	5155
1472	6453
1473	10229
1474	4479
1475	10493
1476	8248
1477	3129
1478	10311
1479	7319
1480	4315
1481	8426
1482	8789
1483	11847
1484	11597
1485	10820
1486	7230
1487	10923
1488	5273
1489	9519
1490	12200
1491	10423
1492	11174
1493	5339
1494	12636
1495	13682
1496	12350
1497	12369
1498	8229
1499	6666
1500	6947
1501	3642
1502	13312
1503	11250
1504	13202
1505	13269
1506	6040
1507	6025
1508	3346
1509	12283
1510	9613
1511	10536
1512	9710
1513	5108
1514	9607
1515	13653
1516	11252
1517	9728
1518	11713
1519	13671
1520	9695
1521	3954
1522	9833
1523	6102
1524	13652
1525	10951
1526	8015
1527	13046
1528	12267
1529	5638
1530	10095
1531	8935
1532	13684
1533	5800
1534	6838
1535	7491
1536	7577
1537	3171
1538	7463
1539	10707
1540	8186
1541	6362
1542	10743
1543	12237
1544	4163
1545	4623
1546	5227
1547	12763
1548	13393
1549	11166
1550	6292
1551	6451
1552	3703
1553	6955
1554	13552
1555	10216
1556	6881
1557	4620
1558	10980
1559	5775
1560	10214
1561	12445
1562	3484
1563	4592
1564	10355
1565	12722
1566	6309
1567	9176
1568	7328
1569	13504
1570	9299
1571	9782
1572	12841
1573	13397
1574	12982
1575	12022
1576	11452
1577	3997
1578	13474
1579	10601
1580	6963
1581	11744
1582	6659
1583	12426
1584	4835
1585	7569
1586	10970
1587	11630
1588	4188
1589	11484
1590	7501
1591	12845
1592	12639
1593	11919
1594	4158
1595	11552
1596	12112
1597	6944
1598	3833
1599	6478
1600	8159
1601	9790
1602	10427
1603	4541
1604	11458
1605	5240
1606	11535
1607	3029
1608	4761
1609	8220
1610	12256
1611	3513
1612	9830
1613	3920
1614	4877
1615	12913
1616	3531
1617	10062
1618	6207
1619	5961
1620	6426
1621	10506
1622	7944
1623	8102
1624	10395
1625	12938
1626	8968
1627	10289
1628	7180
1629	3409
1630	3550
1631	8197
1632	11692
1633	5915
1634	11118
1635	5587
1636	6668
1637	7548
1638	6637
1639	6711
1640	5395
1641	4128
1642	8878
1643	7653
1644	5194
1645	12161
1646	4224
1647	8131
1648	11048
1649	9701
1650	12918
1651	9413
1652	10426
1653	8990
1654	11602
1655	9857
1656	5101
1657	11278
1658	7152
1659	9966
1660	13433
1661	4390
1662	12315
1663	11305
1664	13549
1665	10340
1666	4046
1667	6072
1668	11257
1669	10803
1670	5737
1671	5158
1672	8088
1673	10207
1674	5765
1675	11636
1676	10101
1677	12772
1678	13085
1679	6219
1680	12536
1681	7193
1682	10520
1683	9055
1684	5145
1685	12719
1686	13025
1687	5416
1688	13440
1689	6420
1690	6792
1691	7809
1692	11969
1693	10799
1694	9623
1695	7847
1696	6736
1697	4502
1698	11691
1699	6918
1700	13421
1701	9318
1702	8227
1703	10684
1704	5278
1705	3055
1706	9002
1707	2996
1708	3579
1709	9498
1710	8338
1711	13078
1712	4497
1713	3434
1714	9557
1715	12261
1716	12870
1717	7006
1718	4582
1719	7892
1720	8988
1721	4692
1722	5248
1723	4526
1724	13434
1725	8689
1726	11463
1727	5743
1728	8550
1729	6638
1730	10624
1731	7665
1732	12892
1733	4780
1734	11391
1735	6706
1736	11143
1737	5900
1738	12494
1739	6978
1740	12804
1741	9776
1742	10733
1743	7470
1744	13052
1745	12411
1746	10477
1747	7523
1748	9209
1749	8705
1750	9331
1751	8459
1752	11444
1753	3732
1754	4681
1755	9912
1756	10030
1757	13013
1758	11613
1759	12707
1760	5441
1761	8143
1762	9660
1763	4294
1764	11059
1765	9447
1766	5214
1767	4360
1768	10363
1769	10673
1770	8736
1771	8778
1772	13765
1773	6121
1774	10564
1775	8603
1776	3362
1777	7150
1778	10523
1779	7461
1780	11451
1781	9482
1782	12318
1783	3204
1784	13100
1785	9183
1786	6852
1787	4927
1788	11820
1789	8022
1790	8001
1791	11042
1792	13564
1793	9572
1794	12167
1795	9865
1796	6548
1797	6867
1798	10077
1799	3892
1800	11390
1801	10677
1802	5828
1803	6492
1804	5253
1805	6315
1806	7057
1807	7741
1808	10749
1809	11570
1810	5269
1811	10663
1812	8667
1813	5166
1814	10026
1815	6934
1816	9905
1817	5536
1818	12371
1819	11585
1820	4893
1821	4767
1822	4531
1823	3492
1824	12934
1825	8190
1826	3624
1827	13668
1828	10798
1829	9073
1830	9205
1831	13332
1832	3482
1833	5590
1834	9112
1835	10823
1836	12919
1837	4286
1838	10643
1839	7938
1840	4441
1841	8754
1842	13661
1843	5501
1844	8446
1845	4262
1846	11742
1847	13247
1848	3774
1849	3149
1850	6828
1851	12534
1852	13338
1853	10274
1854	4492
1855	5324
1856	6695
1857	7186
1858	8013
1859	5653
1860	9836
1861	13244
1862	12030
1863	5262
1864	12758
1865	3554
1866	7608
1867	10208
1868	12421
1869	8556
1870	10811
1871	12459
1872	9080
1873	8367
1874	10480
1875	4169
1876	9017
1877	7858
1878	11376
1879	6886
1880	7953
1881	7010
1882	10691
1883	13186
1884	11922
1885	7669
1886	6927
1887	12185
1888	12152
1889	12181
1890	13416
1891	4223
1892	5798
1893	8546
1894	3415
1895	7111
1896	8744
1897	6166
1898	5476
1899	8631
1900	9066
1901	5362
1902	11904
1903	3365
1904	7361
1905	7818
1906	4801
1907	4213
1908	13089
1909	9920
1910	11497
1911	7428
1912	7989
1913	7391
1914	12916
1915	5279
1916	12794
1917	9278
1918	8288
1919	8101
1920	9509
1921	7947
1922	4328
1923	11801
1924	12212
1925	10882
1926	5206
1927	4295
1928	6162
1929	10196
1930	12813
1931	4843
1932	3705
1933	4457
1934	10710
1935	6070
1936	11648
1937	5168
1938	7097
1939	7796
1940	6474
1941	6213
1942	11285
1943	12796
1944	11265
1945	10269
1946	5449
1947	3064
1948	4140
1949	4520
1950	9079
1951	12831
1952	13322
1953	6553
1954	11168
1955	5121
1956	10212
1957	9100
1958	8140
1959	10870
1960	6235
1961	12517
1962	11528
1963	5777
1964	10500
1965	4456
1966	4979
1967	10376
1968	4558
1969	8369
1970	9343
1971	13664
1972	10325
1973	3465
1974	5188
1975	13009
1976	9546
1977	13439
1978	6720
1979	8225
1980	4256
1981	12344
1982	8155
1983	5844
1984	12414
1985	3598
1986	12888
1987	9106
1988	11333
1989	11347
1990	8336
1991	13306
1992	11411
1993	9468
1994	6848
1995	11361
1996	11514
1997	3512
1998	11320
1999	10573
2000	8093
2001	11824
2002	4152
2003	6272
2004	13541
2005	11314
2006	6032
2007	12516
2008	12502
2009	7580
2010	12042
2011	10297
2012	8576
2013	7927
2014	3051
2015	11434
2016	12869
2017	9538
2018	4937
2019	3990
2020	12666
2021	5568
2022	13224
2023	6571
2024	6010
2025	3931
2026	6675
2027	12864
2028	9207
2029	9506
2030	8680
2031	12061
2032	7183
2033	12063
2034	3651
2035	5719
2036	11565
2037	11473
2038	11368
2039	3378
2040	4011
2041	7013
2042	3395
2043	10342
2044	13526
2045	10947
2046	11351
2047	12628
2048	5850
2049	9199
2050	7141
2051	7233
2052	13667
2053	4147
2054	5358
2055	3003
2056	6290
2057	7196
2058	4134
2059	6715
2060	8358
2061	13159
2062	11778
2063	13551
2064	12272
2065	9471
2066	11124
2067	4219
2068	2988
2069	9219
2070	5859
2071	5786
2072	11426
2073	9558
2074	12549
2075	12987
2076	7693
2077	9787
2078	12460
2079	8308
2080	13058
2081	6419
2082	10074
2083	12979
2084	9428
2085	13581
2086	7538
2087	12425
2088	3431
2089	12136
2090	12392
2091	12073
2092	7582
2093	10819
2094	6493
2095	4463
2096	6086
2097	5544
2098	13683
2099	8547
2100	10964
2101	4484
2102	4563
2103	7514
2104	5968
2105	11149
2106	10992
2107	7140
2108	6565
2109	10572
2110	12461
2111	13071
2112	6956
2113	10881
2114	13557
2115	5518
2116	3924
2117	3861
2118	7876
2119	8437
2120	9948
2121	6531
2122	12375
2123	6849
2124	9708
2125	10834
2126	3315
2127	6356
2128	10816
2129	9351
2130	9311
2131	11746
2132	8178
2133	9363
2134	10784
2135	10629
2136	11568
2137	11284
2138	3101
2139	8780
2140	8297
2141	6404
2142	6607
2143	10736
2144	3453
2145	3460
2146	11271
2147	9137
2148	10188
2149	4829
2150	5137
2151	13005
2152	3284
2153	7813
2154	6680
2155	9130
2156	3213
2157	10683
2158	10873
2159	5727
2160	3043
2161	4670
2162	2997
2163	10078
2164	12879
2165	8471
2166	9815
2167	8826
2168	12851
2169	3195
2170	9676
2171	11487
2172	9140
2173	9004
2174	5881
2175	8467
2176	6992
2177	12162
2178	5199
2179	5855
2180	9704
2181	9345
2182	4039
2183	11318
2184	13007
2185	4452
2186	6508
2187	11649
2188	9237
2189	8858
2190	11499
2191	13734
2192	12531
2193	12171
2194	5641
2195	12908
2196	12463
2197	4995
2198	10410
2199	7893
2200	10600
2201	9788
2202	7752
2203	11848
2204	7036
2205	3842
2206	8147
2207	8683
2208	5486
2209	7931
2210	8395
2211	13751
2212	11794
2213	13411
2214	6352
2215	9684
2216	12379
2217	4049
2218	13779
2219	4114
2220	6046
2221	7367
2222	11633
2223	4759
2224	10671
2225	12427
2226	4547
2227	9408
2228	13380
2229	13781
2230	12128
2231	9669
2232	6514
2233	5937
2234	3470
2235	9316
2236	12882
2237	5565
2238	9260
2239	9502
2240	9009
2241	10686
2242	9105
2243	6916
2244	5928
2245	11119
2246	4449
2247	6739
2248	8835
2249	6778
2250	11903
2251	8164
2252	3205
2253	7302
2254	7398
2255	6167
2256	12469
2257	8757
2258	13398
2259	7125
2260	8266
2261	6013
2262	4889
2263	5376
2264	8951
2265	6131
2266	4150
2267	12497
2268	6989
2269	12513
2270	13432
2271	8706
2272	6590
2273	6459
2274	12865
2275	6690
2276	12603
2277	6645
2278	11732
2279	6957
2280	4896
2281	7850
2282	2994
2283	4700
2284	6966
2285	8256
2286	6095
2287	10872
2288	6415
2289	6885
2290	9070
2291	7377
2292	8812
2293	3782
2294	9578
2295	13232
2296	4113
2297	9965
2298	8456
2299	3704
2300	11447
2301	5675
2302	5316
2303	6694
2304	3909
2305	4560
2306	6569
2307	5618
2308	12331
2309	11454
2310	3508
2311	11406
2312	6048
2313	3681
2314	9422
2315	13056
2316	8940
2317	13502
2318	9738
2319	12496
2320	12533
2321	9042
2322	4985
2323	4374
2324	12681
2325	7088
2326	10469
2327	3737
2328	10177
2329	12448
