new_id	eid
0	12078
1	12632
2	4653
3	5078
4	6798
5	7934
6	13340
7	3912
8	6101
9	11191
10	12422
11	11810
12	7921
13	4280
14	10554
15	8957
16	8331
17	3092
18	7094
19	3066
20	5598
21	12926
22	8762
23	12842
24	10525
25	12717
26	6939
27	11984
28	7999
29	5532
30	3561
31	3343
32	11655
33	9811
34	7558
35	10976
36	9012
37	12376
38	9151
39	5527
40	10512
41	4232
42	4740
43	8454
44	12135
45	9230
46	8474
47	12538
48	8589
49	6876
50	7084
51	11631
52	4797
53	12014
54	12451
55	10618
56	6282
57	12436
58	5347
59	11991
60	8793
61	7658
62	10986
63	3946
64	9517
65	9870
66	5586
67	8072
68	8091
69	4439
70	10271
71	4409
72	6501
73	12824
74	6663
75	7554
76	8892
77	9125
78	10172
79	13548
80	5436
81	9554
82	3240
83	8210
84	4023
85	8950
86	13419
87	12720
88	3779
89	3469
90	13179
91	10747
92	9705
93	11610
94	5126
95	9778
96	7660
97	7496
98	3901
99	11685
100	4873
101	10121
102	11123
103	9706
104	8752
105	10991
106	8781
107	6930
108	8305
109	9916
110	6391
111	5996
112	3067
113	9427
114	3887
115	7049
116	9494
117	10296
118	13518
119	10153
120	7615
121	9947
122	10181
123	9371
124	4269
125	7877
126	6941
127	11030
128	9323
129	10606
130	4252
131	7435
132	11796
133	12952
134	8669
135	8529
136	8986
137	5706
138	3295
139	3056
140	9767
141	7283
142	4769
143	6350
144	9417
145	9895
146	11722
147	4955
148	8296
149	8767
150	6003
151	8322
152	8614
153	3879
154	10010
155	6295
156	8169
157	8674
158	7237
159	7489
160	4408
161	9284
162	7810
163	9668
164	13597
165	11774
166	13447
167	6928
168	6434
169	10442
170	10507
171	3032
172	10254
173	6729
174	7341
175	13154
176	9847
177	11641
178	10249
179	7282
180	5661
181	6490
182	7023
183	5192
184	13120
185	8837
186	4982
187	12226
188	10245
189	12198
190	13095
191	7459
192	4495
193	8433
194	5177
195	6007
196	4389
197	10752
198	9057
199	3832
200	5861
201	4669
202	7881
203	5282
204	5762
205	4772
206	4657
207	6942
208	11808
209	4483
210	4758
211	13051
212	6597
213	12708
214	8977
215	9010
216	13406
217	3477
218	8070
219	11407
220	12044
221	5256
222	11136
223	9574
224	12000
225	13074
226	11069
227	8219
228	6256
229	13592
230	5221
231	9671
232	12797
233	5051
234	6877
235	6140
236	7106
237	10858
238	10316
239	5547
240	7594
241	7211
242	5863
243	12935
244	13633
245	10398
246	5066
247	6344
248	4943
249	12545
250	3896
251	11476
252	4445
253	9003
254	7447
255	3868
256	3551
257	3497
258	4183
259	4275
260	11731
261	13082
262	13171
263	8005
264	4006
265	10574
266	8404
267	7330
268	9016
269	3837
270	13622
271	5655
272	12430
273	5627
274	10253
275	10542
276	11102
277	11681
278	5074
279	12834
280	11492
281	7836
282	9110
283	7220
284	6573
285	4468
286	12735
287	6011
288	5260
289	5789
290	8808
291	11575
292	9335
293	9091
294	9592
295	5207
296	10044
297	11050
298	12577
299	3228
300	11956
301	9632
302	3097
303	11479
304	4532
305	6225
306	5916
307	13367
308	11654
309	10070
310	7130
311	11660
312	3383
313	13556
314	5562
315	5605
316	7685
317	8376
318	6481
319	9593
320	3459
321	10157
322	6103
323	12644
324	10729
325	5239
326	6702
327	3750
328	3061
329	13308
330	8544
331	7958
332	7423
333	5899
334	3298
335	4124
336	10318
337	3471
338	6919
339	12590
340	12106
341	3090
342	7716
343	13270
344	9614
345	6554
346	10871
347	10649
348	8660
349	5093
350	11940
351	4026
352	7421
353	12643
354	4465
355	6785
356	13553
357	8442
358	5020
359	5795
360	11638
361	11358
362	6733
363	6052
364	9177
365	7481
366	3404
367	13374
368	8992
369	4312
370	6890
371	10949
372	11086
373	10326
374	7758
375	6820
376	9001
377	13203
378	5146
379	10556
380	12847
381	5819
382	5925
383	9274
384	3627
385	11349
386	7132
387	7502
388	12616
389	7827
390	7956
391	12196
392	3680
393	8866
394	8628
395	8417
396	12322
397	12218
398	8856
399	9860
400	8741
401	8279
402	11241
403	13096
404	7707
405	3533
406	8857
407	12510
408	10144
409	11121
410	7933
411	3349
412	6599
413	9721
414	4331
415	6824
416	9560
417	13297
418	6400
419	3936
420	7908
421	9610
422	6255
423	11181
424	7427
425	9707
426	8469
427	7290
428	7029
429	8303
430	10958
431	4542
432	6372
433	3244
434	10341
435	5178
436	3167
437	10847
438	8961
439	5237
440	10997
441	7058
442	12544
443	6891
444	3854
445	5991
446	12827
447	7090
448	12704
449	13213
450	5303
451	12137
452	4297
453	4641
454	3221
455	12026
456	8180
457	10983
458	4933
459	10813
460	9642
461	7997
462	13618
463	13658
464	6472
465	8354
466	11860
467	7301
468	13573
469	12329
470	12395
471	12641
472	10928
473	5280
474	10036
475	6594
476	5722
477	8647
478	8549
479	7992
480	8174
481	10597
482	7853
483	11967
484	9272
485	12669
486	7298
487	4966
488	9921
489	6143
490	3576
491	13517
492	4813
493	10860
494	4216
495	6952
496	3366
497	7281
498	10228
499	4810
500	5081
501	7595
502	9877
503	10235
504	5330
505	7393
506	9031
507	11288
508	8492
509	4431
510	3157
511	7008
512	8731
513	8233
514	11753
515	4665
516	6116
517	8656
518	12920
519	3543
520	5841
521	13360
522	11965
523	5401
524	11132
525	9034
526	7797
527	5425
528	8201
529	5467
530	10165
531	3085
532	3660
533	9287
534	11925
535	5986
536	11814
537	3908
538	9723
539	13718
540	5679
541	6859
542	13020
543	11352
544	4131
545	6158
546	6051
547	4884
548	12611
549	6278
550	8340
551	3087
552	13496
553	6104
554	4972
555	7014
556	9022
557	10718
558	4078
559	7964
560	9342
561	5462
562	7235
563	7297
564	11726
565	4364
566	4854
567	4008
568	10589
569	4950
570	4242
571	12548
572	12682
573	5418
574	3602
575	6476
576	3331
577	4041
578	8342
579	6456
580	11711
581	3252
582	11614
583	5412
584	3593
585	12789
586	8049
587	4897
588	9238
589	9297
590	13149
591	6221
592	13568
593	3002
594	4646
595	10194
596	4120
597	11694
598	11182
599	6506
600	7962
601	12762
602	6099
603	5171
604	8620
605	6640
606	10580
607	7469
608	12988
609	9979
610	10863
611	10227
612	9925
613	3321
614	8708
615	3949
616	12654
617	8786
618	9481
619	4370
620	5335
621	13400
622	3721
623	6685
624	5502
625	12525
626	10248
627	12613
628	3189
629	9307
630	3930
631	6897
632	8510
633	4010
634	11228
635	10407
636	13450
637	7213
638	10961
639	5124
640	13250
641	12981
642	9064
643	6199
644	3300
645	4031
646	8710
647	4817
648	8882
649	3942
650	13057
651	8261
652	4178
653	5750
654	10818
655	3330
656	11057
657	4300
658	8629
659	6533
660	5766
661	6216
662	6601
663	3689
664	7185
665	8906
666	7261
667	8799
668	11718
669	3135
670	3206
671	7891
672	12927
673	12099
674	10403
675	10272
676	13617
677	11290
678	4755
679	11556
680	9971
681	5300
682	5812
683	5993
684	10481
685	9445
686	9637
687	9791
688	5120
689	12047
690	5960
691	12412
692	4764
693	4009
694	9874
695	13629
696	6784
697	11582
698	7438
699	4100
700	4239
701	3445
702	4093
703	13660
704	9993
705	10789
706	6791
707	5576
708	7197
709	5115
710	5135
711	10998
712	4961
713	13639
714	7807
715	5458
716	5244
717	12297
718	9051
719	7602
720	13012
721	4148
722	8162
723	5492
724	9820
725	10103
726	9899
727	10015
728	6185
729	7299
730	8401
731	11038
732	9362
733	3952
734	9200
735	13613
736	6161
737	3418
738	5823
739	9548
740	4768
741	9530
742	5086
743	11021
744	4738
745	6214
746	6208
747	8282
748	10201
749	7720
750	5085
751	11918
752	7869
753	13787
754	12271
755	3515
756	4701
757	4619
758	5129
759	5721
760	7368
761	10571
762	10959
763	4284
764	7166
765	12483
766	9465
767	10008
768	6240
769	8226
770	12490
771	13456
772	11024
773	3035
774	11293
775	9712
776	10023
777	11070
778	7742
779	12446
780	11834
781	6661
782	13351
783	11706
784	6106
785	3227
786	8931
787	4545
788	11846
789	3386
790	13187
791	4902
792	9360
793	8405
794	9753
795	4539
796	6909
797	6285
798	7868
799	8424
800	9361
801	7959
802	6958
803	11615
804	3008
805	13207
806	13730
807	11606
808	7335
809	3143
810	7260
811	11890
812	7909
813	9424
814	8924
815	9156
816	13484
817	9915
818	13345
819	3712
820	10461
821	8151
822	11233
823	8861
824	4612
825	6526
826	6283
827	11547
828	13582
829	7451
830	6009
831	11623
832	13435
833	4934
834	3735
835	7200
836	6319
837	7225
838	12809
839	9196
840	3389
841	8271
842	10547
843	4069
844	9643
845	5069
846	13001
847	9713
848	3872
849	6671
850	8270
851	7786
852	3197
853	7585
854	11394
855	11574
856	7841
857	4900
858	4394
859	4785
860	4765
861	9021
862	10883
863	10211
864	8441
865	7861
866	6217
867	13733
868	3900
869	8445
870	3297
871	5514
872	12498
873	10134
874	10974
875	8185
876	7612
877	9128
878	7749
879	12625
880	4795
881	13326
882	13451
883	3316
884	6893
885	6650
886	3690
887	4053
888	3707
889	6704
890	7935
891	3616
892	9147
893	6036
894	7737
895	6649
896	9725
897	6440
898	5084
899	6903
900	5886
901	10377
902	3939
903	4142
904	8653
905	4926
906	12840
907	6948
908	11370
909	12897
910	9762
911	4264
912	11971
913	12476
914	7221
915	10544
916	10549
917	3523
918	9638
919	13023
920	5521
921	13803
922	3982
923	3923
924	9026
925	12466
926	4298
927	3045
928	11760
929	12905
930	6765
931	6901
932	5000
933	3815
934	5566
935	7995
936	7978
937	5119
938	9296
939	11395
940	12102
941	11044
942	11661
943	6592
944	3728
945	9490
946	4938
947	5338
948	9499
949	10682
950	10417
951	4920
952	4277
953	7683
954	3748
955	5902
956	9714
957	3467
958	3411
959	8240
960	6776
961	9144
962	9931
963	4964
964	9804
965	3058
966	6044
967	8307
968	4594
969	11041
970	8056
971	11441
972	6105
973	8723
974	7192
975	5169
976	4208
977	7756
978	3706
979	10826
980	8267
981	6259
982	7479
983	6339
984	7830
985	3535
986	3965
987	9829
988	11885
989	7076
990	8938
991	5690
992	4728
993	11281
994	4784
995	12402
996	6760
997	13643
998	11896
999	4356
1000	12692
1001	7619
1002	6059
1003	9292
1004	11111
1005	4812
1006	8907
1007	8152
1008	10668
1009	10827
1010	9451
1011	5247
1012	8791
1013	4075
1014	4351
1015	9867
1016	7705
1017	7156
1018	13328
1019	13422
1020	10644
1021	8125
1022	5407
1023	11858
1024	8028
1025	11819
1026	3030
1027	12195
1028	4689
1029	6780
1030	10788
1031	11873
1032	11818
1033	12337
1034	6331
1035	7471
1036	9480
1037	10224
1038	11446
1039	11974
1040	9974
1041	3928
1042	8436
1043	5439
1044	5747
1045	8195
1046	3006
1047	11373
1048	11822
1049	10028
1050	8638
1051	4656
1052	9818
1053	10844
1054	3969
1055	4137
1056	8987
1057	12672
1058	6085
1059	3233
1060	9040
1061	11696
1062	4388
1063	11675
1064	13620
1065	13288
1066	11115
1067	5096
1068	13709
1069	6606
1070	3534
1071	8691
1072	11548
1073	4859
1074	12281
1075	6726
1076	5865
1077	13528
1078	4663
1079	5438
1080	7287
1081	11443
1082	5090
1083	6206
1084	3830
1085	12573
1086	12703
1087	5149
1088	3150
1089	6879
1090	13194
1091	13493
1092	10695
1093	3009
1094	10774
1095	11529
1096	11097
1097	3352
1098	4427
1099	4682
1100	11029
1101	5796
1102	12309
1103	11527
1104	6870
1105	6872
1106	10562
1107	7604
1108	4087
1109	11553
1110	9531
1111	9577
1112	12472
1113	12910
1114	6719
1115	5341
1116	13115
1117	12729
1118	11197
1119	7308
1120	7065
1121	11520
1122	9493
1123	6851
1124	13287
1125	13206
1126	8512
1127	7296
1128	9691
1129	12898
1130	3644
1131	5564
1132	3625
1133	10021
1134	11994
1135	10560
1136	9819
1137	13280
1138	6811
1139	13055
1140	10697
1141	8605
1142	11676
1143	9561
1144	4998
1145	11110
1146	10759
1147	7262
1148	3238
1149	3569
1150	4261
1151	12951
1152	4287
1153	13611
1154	6809
1155	12467
1156	12045
1157	13696
1158	11046
1159	8165
1160	4215
1161	10490
1162	4415
1163	3544
1164	12378
1165	8486
1166	6293
1167	3736
1168	7828
1169	9735
1170	4546
1171	9185
1172	4910
1173	9301
1174	6127
1175	4818
1176	11465
1177	9456
1178	6676
1179	12731
1180	4697
1181	11416
1182	7646
1183	3663
1184	3845
1185	9072
1186	10002
1187	12522
1188	6724
1189	6165
1190	7672
1191	4906
1192	9591
1193	9123
1194	8874
1195	13218
1196	6920
1197	5059
1198	3059
1199	4101
1200	9882
1201	7284
1202	6967
1203	6990
1204	8011
1205	8521
1206	8000
1207	6655
1208	7067
1209	10578
1210	8027
1211	7902
1212	11364
1213	5180
1214	13184
1215	11488
1216	8688
1217	12582
1218	8327
1219	9488
1220	7139
1221	6033
1222	12456
1223	5699
1224	3185
1225	10322
1226	8014
1227	5615
1228	10392
1229	6268
1230	4591
1231	10836
1232	10357
1233	4981
1234	7191
1235	9457
1236	4891
1237	8036
1238	6830
1239	5817
1240	12570
1241	11939
1242	11909
1243	6914
1244	6603
1245	12284
1246	7969
1247	3536
1248	8840
1249	11179
1250	8090
1251	13327
1252	5391
1253	4831
1254	10022
1255	12646
1256	13110
1257	12253
1258	5271
1259	7317
1260	5772
1261	8350
1262	4111
1263	3278
1264	4794
1265	5491
1266	4863
1267	5220
1268	8371
1269	12986
1270	6429
1271	7681
1272	9150
1273	11071
1274	5325
1275	5160
1276	9929
1277	6620
1278	9390
1279	3622
1280	6577
1281	6244
1282	8608
1283	10530
1284	5397
1285	12868
1286	8490
1287	3478
1288	11184
1289	11724
1290	10546
1291	9626
1292	4459
1293	4373
1294	9879
1295	3399
1296	13006
1297	3057
1298	3565
1299	11540
1300	11087
1301	11036
1302	7202
1303	5202
1304	8943
1305	10281
1306	7846
1307	8192
1308	8902
1309	6189
1310	6286
1311	4450
1312	3878
1313	4106
1314	9092
1315	4839
1316	6005
1317	11941
1318	10102
1319	13311
1320	10319
1321	11167
1322	6018
1323	8893
1324	11495
1325	10609
1326	6829
1327	3988
1328	6071
1329	6708
1330	12556
1331	3915
1332	11104
1333	4044
1334	11490
1335	9535
1336	13726
1337	10981
1338	10343
1339	11169
1340	4282
1341	5854
1342	10000
1343	6660
1344	7346
1345	5816
1346	3537
1347	12576
1348	11298
1349	8934
1350	13134
1351	10680
1352	10938
1353	5976
1354	13489
1355	5613
1356	13625
1357	9226
1358	4678
1359	7142
1360	6586
1361	9909
1362	12364
1363	3275
1364	11056
1365	12945
1366	7117
1367	9249
1368	5246
1369	12649
1370	10067
1371	7108
1372	4193
1373	6672
1374	7571
1375	13721
1376	8534
1377	4022
1378	6313
1379	8183
1380	7258
1381	4241
1382	11578
1383	13511
1384	6172
1385	7351
1386	9670
1387	8047
1388	12933
1389	10170
1390	6937
1391	8625
1392	6657
1393	8989
1394	11684
1395	4953
1396	7250
1397	10887
1398	9772
1399	6026
1400	3932
1401	6494
1402	4490
1403	4887
1404	11795
1405	9188
1406	13659
1407	11091
1408	11375
1409	12751
1410	4841
1411	12558
1412	12925
1413	6604
1414	11248
1415	12037
1416	6787
1417	3906
1418	7096
1419	7887
1420	9366
1421	9898
1422	3880
1423	13170
1424	9327
1425	8134
1426	4327
1427	3836
1428	8103
1429	10308
1430	13307
1431	8499
1432	10702
1433	13330
1434	3726
1435	7334
1436	12562
1437	9604
1438	13112
1439	7543
1440	11747
1441	3776
1442	3016
1443	10859
1444	4201
1445	5348
1446	11083
1447	4289
1448	11287
1449	4263
1450	6578
1451	6364
1452	11489
1453	7975
1454	4991
1455	7840
1456	5277
1457	10004
1458	9458
1459	3882
1460	3857
1461	4320
1462	4429
1463	3376
1464	6414
1465	10474
1466	12117
1467	4913
1468	9429
1469	5847
1470	6502
1471	10155
1472	4930
1473	11506
1474	3334
1475	5405
1476	11450
1477	8223
1478	9392
1479	10524
1480	5761
1481	5143
1482	8623
1483	8420
1484	10637
1485	12368
1486	5298
1487	7355
1488	7004
1489	7991
1490	4444
1491	13309
1492	3117
1493	6385
1494	6200
1495	5408
1496	3822
1497	3914
1498	13481
1499	5317
1500	3235
1501	5437
1502	9751
1503	5307
1504	7819
1505	11032
1506	8713
1507	9512
1508	4391
1509	5552
1510	10309
1511	13061
1512	10412
1513	7590
1514	7984
1515	3049
1516	8776
1517	3397
1518	10011
1519	8025
1520	7508
1521	3889
1522	5852
1523	6220
1524	7443
1525	10396
1526	9873
1527	9622
1528	8716
1529	12685
1530	8775
1531	9195
1532	7568
1533	13572
1534	8228
1535	10577
1536	8729
1537	3191
1538	9163
1539	6227
1540	6444
1541	3647
1542	12298
1543	11239
1544	8161
1545	10178
1546	10990
1547	13538
1548	11712
1549	10535
1550	3910
1551	3214
1552	10499
1553	6117
1554	12151
1555	12563
1556	4828
1557	8711
1558	3727
1559	11962
1560	8758
1561	12901
1562	5471
1563	7439
1564	13060
1565	8008
1566	13131
1567	5725
1568	4971
1569	3864
1570	3825
1571	9380
1572	9678
1573	11052
1574	4778
1575	11723
1576	6541
1577	9250
1578	7056
1579	4781
1580	9063
1581	9157
1582	13234
1583	5122
1584	8487
1585	6926
1586	10896
1587	12977
1588	9211
1589	11509
1590	7400
1591	12053
1592	13396
1593	12300
1594	12264
1595	8425
1596	12057
1597	6421
1598	3272
1599	4929
1600	4543
1601	3102
1602	8077
1603	6757
1604	11186
1605	10515
1606	9094
1607	7711
1608	13737
1609	12832
1610	10529
1611	3637
1612	11481
1613	6067
1614	3299
1615	13468
1616	9902
1617	4447
1618	9550
1619	3655
1620	5935
1621	13754
1622	5913
1623	11355
1624	6624
1625	5479
1626	6716
1627	5616
1628	7733
1629	9381
1630	12130
1631	9410
1632	11185
1633	8389
1634	6056
1635	6786
1636	4466
1637	7123
1638	13554
1639	3422
1640	7825
1641	6658
1642	10869
1643	9290
1644	9641
1645	11937
1646	5580
1647	10202
1648	13299
1649	7704
1650	6390
1651	6368
1652	13383
1653	12293
1654	8753
1655	6023
1656	5187
1657	10880
1658	9611
1659	7059
1660	4317
1661	4573
1662	9251
1663	12314
1664	9871
1665	4138
1666	6320
1667	9332
1668	6088
1669	4296
1670	10222
1671	10007
1672	7923
1673	12288
1674	7270
1675	9765
1676	10828
1677	13494
1678	11210
1679	11439
1680	11162
1681	12904
1682	7370
1683	4949
1684	11550
1685	8323
1686	3577
1687	8313
1688	7634
1689	3521
1690	3155
1691	7857
1692	11936
1693	3785
1694	6483
1695	13295
1696	3078
1697	11573
1698	10854
1699	4491
1700	11670
1701	3133
1702	7033
1703	6479
1704	5607
1705	7458
1706	5058
1707	13129
1708	12250
1709	12978
1710	9784
1711	9412
1712	5781
1713	13379
1714	4052
1715	12553
1716	12193
1717	9777
1718	5732
1719	8272
1720	8135
1721	7277
1722	5716
1723	5730
1724	9827
1725	12899
1726	8378
1727	5551
1728	5089
1729	12194
1730	10504
1731	11129
1732	6696
1733	10558
1734	10918
1735	5965
1736	10429
1737	11951
1738	9888
1739	12383
1740	10258
1741	12808
1742	6959
1743	9621
1744	7238
1745	6894
1746	8745
1747	11601
1748	6950
1749	8119
1750	6154
1751	7980
1752	6874
1753	8755
1754	7511
1755	8726
1756	3361
1757	10462
1758	6925
1759	13480
1760	13010
1761	12273
1762	11004
1763	8496
1764	3164
1765	9736
1766	6627
1767	12997
1768	13021
1769	12199
1770	6602
1771	10567
1772	11973
1773	9048
1774	5767
1775	10406
1776	4401
1777	11513
1778	6495
1779	9164
1780	3692
1781	7898
1782	6433
1783	10591
1784	6439
1785	6239
1786	12953
1787	12862
1788	12341
1789	5284
1790	9019
1791	7651
1792	10537
1793	4530
1794	7689
1795	4808
1796	9160
1797	12189
1798	8982
1799	2986
1800	7503
1801	9420
1802	13325
1803	5447
1804	13337
1805	10514
1806	8435
1807	11799
1808	5268
1809	3292
1810	5691
1811	3152
1812	11533
1813	11295
1814	3248
1815	9927
1816	13420
1817	8571
1818	6432
1819	10221
1820	10910
