new_id	eid
0	4132
1	10064
2	11385
3	5896
4	13536
5	9763
6	13271
7	12889
8	11674
9	6993
10	9962
11	12441
12	6827
13	11797
14	4025
15	5080
16	11023
17	12606
18	10716
19	7744
20	10669
21	8377
22	7026
23	10533
24	10916
25	10805
26	5513
27	10475
28	4283
29	13469
30	6688
31	3111
32	8802
33	5191
34	8794
35	3429
36	3342
37	4776
38	7331
39	13395
40	13002
41	12259
42	10915
43	10654
44	9455
45	12388
46	7597
47	5076
48	6001
49	12316
50	8831
51	3984
52	4266
53	9213
54	11642
55	4756
56	10040
57	5301
58	11202
59	9661
60	9711
61	13018
62	12503
63	13497
64	6823
65	5452
66	5746
67	6275
68	8522
69	12071
70	8453
71	10638
72	8970
73	8306
74	13208
75	7236
76	3688
77	7851
78	10086
79	10630
80	6296
81	12740
82	7307
83	12929
84	7955
85	6751
86	3983
87	4970
88	10142
89	7566
90	7757
91	5978
92	7373
93	8593
94	8853
95	7811
96	5579
97	5837
98	8825
99	3259
100	9247
101	13047
102	10303
103	12141
104	8502
105	7127
106	9786
107	6512
108	6692
109	3121
110	4086
111	7359
112	4405
113	13706
114	9020
115	12849
116	12906
117	5231
118	4464
119	5176
120	3943
121	6836
122	5426
123	11101
124	6835
125	11040
126	8847
127	6805
128	12177
129	3174
130	7253
131	10852
132	9275
133	4425
134	6431
135	4378
136	10994
137	13196
138	4017
139	5973
140	6994
141	3769
142	9718
143	5726
144	6651
145	3540
146	11224
147	3156
148	3999
149	10583
150	5799
151	12052
152	6015
153	10096
154	11467
155	9533
156	8824
157	4064
158	11945
159	7703
160	8473
161	7055
162	6373
163	8738
164	7925
165	5498
166	7696
167	7817
168	11526
169	3132
170	12954
171	6398
172	5431
173	10290
174	11859
175	7241
176	6898
177	12820
178	6002
179	4358
180	9906
181	3860
182	12029
183	10856
184	7410
185	10926
186	3230
187	4726
188	3243
189	12963
190	9181
191	8514
192	9620
193	12727
194	9220
195	13789
196	8109
197	4749
198	13523
199	11034
200	11308
201	5346
202	11037
203	8458
204	13258
205	7591
206	12304
207	7586
208	9755
209	9994
210	6770
211	8115
212	5005
213	10846
214	7032
215	6912
216	12374
217	13392
218	8138
219	10349
220	8724
221	6946
222	5035
223	4963
224	6759
225	12782
226	10421
227	12015
228	10443
229	7482
230	11147
231	3766
232	10857
233	12509
234	7715
235	9689
