new_id	eid
0	11651
1	9088
2	10793
3	8933
4	5218
5	10219
6	8606
7	13417
8	9571
9	3803
10	4862
11	6517
12	3685
13	13428
14	4626
15	6480
16	10244
17	8324
18	4533
19	9344
20	13524
21	3403
22	11544
23	11554
24	9616
25	12401
26	11203
27	11996
28	6260
29	3812
30	12206
31	8344
32	9957
33	13600
34	4251
35	11074
36	13310
37	11950
38	12656
39	10866
40	7924
41	8666
42	8268
43	7793
44	10634
45	11226
46	7637
47	5153
48	8792
49	7135
50	12120
51	9503
52	12098
53	6361
54	13764
55	4217
56	10205
57	7762
58	10232
59	11669
60	12491
61	6091
62	7718
63	8592
64	9359
65	11924
66	8007
67	13759
68	12245
69	12505
70	9514
71	11094
72	3231
73	3486
74	4226
75	12965
76	10628
77	11914
78	11987
79	4827
80	13593
81	3998
82	7333
83	7727
84	6402
85	9212
86	10985
87	12023
88	6187
89	4102
90	10215
91	12855
92	6863
93	4959
94	9806
95	4605
96	3183
97	6539
98	7770
99	10801
100	4583
101	7698
102	10913
103	3280
104	10719
105	7917
106	3192
107	6703
108	5646
109	8699
110	7899
111	6761
112	5337
113	7871
114	5396
115	5984
116	8498
117	10617
118	7105
119	3586
120	11695
121	5740
122	10447
123	9358
124	11345
125	11555
126	12126
127	11595
128	10282
129	5939
130	5182
131	8339
132	6727
133	13544
134	5343
135	11683
136	6473
137	5272
138	7722
139	11222
140	4914
141	6907
142	7855
143	4551
144	3807
145	7100
146	8690
147	5941
148	7778
149	3261
150	10848
151	6713
152	8243
153	8087
154	10428
155	13470
156	4690
157	2995
158	12473
159	5600
160	7515
161	4718
162	5897
163	10371
164	5697
165	13697
166	7291
167	4126
168	3594
169	12640
170	3666
171	5703
172	12087
173	5012
174	5504
175	4978
176	13014
177	7316
178	3184
179	13590
180	12450
181	12387
182	13753
183	13088
184	7687
185	8917
186	9474
187	6468
188	6183
189	12307
190	7865
191	11195
192	9225
193	7650
194	12154
195	10807
196	10084
197	3613
198	6689
199	5344
200	7570
201	9261
202	9633
203	13794
204	7739
205	3778
206	4527
207	11062
208	5373
209	8019
210	5193
211	11541
212	8807
213	12689
214	12747
215	5930
216	6246
217	13567
218	13132
219	5554
220	7162
221	5995
222	8063
223	9809
224	7151
225	7295
226	5625
227	9939
228	5843
229	5864
230	13249
231	3925
232	11324
233	6328
234	13728
235	13408
236	3877
237	5389
238	7472
239	6730
240	7905
241	3581
242	8264
243	4568
244	10516
245	12156
246	3396
247	11752
248	8769
249	6266
250	3336
251	6021
252	13092
253	7551
254	3793
255	11353
256	3771
257	6648
258	7181
259	10566
260	8319
261	12500
262	10878
263	9469
264	7278
265	13237
266	8865
267	8536
268	10772
269	4980
270	11893
271	8006
272	13641
273	6038
274	8489
275	3457
276	11255
277	11776
278	10019
279	3359
280	10908
281	4194
282	13086
283	4403
284	12769
285	9432
286	9760
287	6945
288	7396
289	4707
290	9304
291	3220
