new_id	eid
0	9652
1	8448
2	8976
3	5046
4	5381
5	10884
6	8912
7	6016
8	10027
9	5687
10	7528
11	9241
12	10394
13	13514
14	7863
15	11531
16	11823
17	11569
18	8263
19	4314
20	12188
21	9086
22	8551
23	8500
24	8515
25	5507
26	3495
27	6584
28	9155
29	4366
30	11534
31	8481
32	5140
33	8137
34	10240
35	5831
36	7629
37	6126
38	4036
39	3107
40	9655
41	4952
42	13715
43	7043
44	9082
45	4145
46	9703
47	12959
48	8963
49	6542
50	12811
51	8615
52	10399
53	12863
54	13537
55	11009
56	7244
57	6445
58	12795
59	11089
60	4803
61	13690
62	3305
63	12530
64	7740
65	8450
66	12221
67	7792
68	11343
69	9202
70	7201
71	7821
72	13798
73	10763
74	9658
75	11763
76	7700
77	5484
78	3607
79	6093
80	9566
81	11309
82	3161
83	13716
84	3212
85	7318
86	8439
87	12325
88	6555
89	9028
90	11603
91	5050
92	6538
93	12667
94	12381
95	12652
96	9240
97	9006
98	12774
99	11020
100	8475
101	3850
102	3364
103	10264
104	8230
105	6521
106	10053
107	10666
108	3699
109	13375
110	9907
111	3154
112	13391
113	7578
114	4748
115	10250
116	10066
