new_id	eid
0	5696
1	4834
2	8682
3	7102
4	11658
5	6888
6	3363
7	10693
8	9890
9	10246
10	4901
11	6583
12	10508
13	7092
14	11701
15	6622
16	8889
17	10080
18	3585
19	13799
20	3648
21	8526
22	11019
23	6865
24	13042
25	6262
26	3289
27	12619
28	9587
29	3971
30	5309
31	7782
32	8955
33	7030
34	3091
35	7266
36	13555
37	3224
38	7835
39	8679
40	3193
41	9218
42	3327
43	10906
44	8732
45	4323
46	8661
47	9244
48	5665
49	9217
50	10231
51	12025
52	3040
53	10307
54	11100
55	3799
56	9302
57	13320
58	11001
59	6124
60	6109
61	3153
62	13561
63	11017
64	8258
65	5505
66	9584
67	11246
68	3005
69	7321
70	5488
71	3328
72	6813
73	13106
74	6469
75	9639
76	6155
77	9059
78	10381
79	10750
80	10605
81	5049
82	10632
83	13278
84	11666
85	5966
86	5031
87	13182
88	13151
89	13344
90	10456
91	7517
92	6529
93	10176
94	4199
95	5974
96	10042
97	8548
98	13286
99	3068
100	4915
101	4668
102	10065
103	12791
104	3476
105	11428
106	7559
107	8630
108	12973
109	5848
110	10930
111	5189
112	11286
113	11539
114	9129
115	12089
116	9986
117	10457
118	13623
119	6960
120	11412
121	7546
122	12805
123	9978
124	11972
125	7170
126	7979
127	10893
128	8384
129	8954
130	9193
131	7179
132	11617
133	11178
134	7844
135	4273
136	5487
137	12944
138	5127
139	12980
140	5998
141	6397
142	10189
143	5368
144	11170
145	3603
146	6610
147	9175
148	6318
149	4481
150	11976
151	11362
152	5614
153	13598
154	10783
155	4489
156	13099
157	9265
158	4956
159	9853
160	11262
161	6748
162	3863
163	5992
164	13342
165	7728
166	10892
167	5088
168	5815
169	5923
170	12004
171	3911
172	5321
173	9387
174	4617
175	10651
176	4762
177	12007
178	3944
179	11908
180	11773
181	8057
182	4699
183	8627
184	4986
185	9682
186	9504
187	11832
188	7112
189	5184
190	8146
191	10761
192	6176
193	11558
194	13365
195	4367
196	13076
197	5962
