new_id	eid
0	4308
1	7431
2	10645
3	5334
4	9699
5	4029
6	13801
7	9901
8	6887
9	3541
10	8470
11	10151
12	7616
13	4515
14	11156
15	4309
16	11970
17	9041
18	7019
19	9402
20	4060
21	5589
22	4221
23	11427
24	3125
25	9208
26	9452
27	3989
28	8946
29	11931
30	6311
31	3100
32	8531
33	6633
34	8096
35	11791
36	5945
37	6656
38	13215
39	3390
40	12228
41	13246
42	11781
43	7215
44	9443
45	12249
46	6722
47	11621
48	11401
49	8554
50	7329
51	13711
52	11787
53	10200
54	3962
55	8092
56	7305
57	4586
58	11680
59	4407
60	7697
61	9431
62	3351
63	13026
64	8712
65	11772
66	10588
67	7768
68	6449
69	13762
70	4103
71	7327
72	8139
73	4334
74	8703
75	12595
76	12964
77	6243
78	11625
79	5835
80	11517
81	13519
82	7712
83	11567
84	8149
85	11624
86	11657
87	7867
88	11291
89	3019
90	5159
91	11830
92	4187
93	8217
94	10513
95	6467
96	7942
97	13133
98	5289
99	10485
100	10722
101	8820
102	7852
103	13354
104	8928
105	5430
106	9222
107	9326
108	13686
109	5620
110	13017
111	11270
112	3182
113	10509
114	7226
115	13752
116	13225
117	9259
118	4112
119	9182
120	8686
121	5787
122	3021
123	8095
124	9715
125	12957
126	12902
127	8104
128	9478
129	4928
130	12976
131	8179
132	11189
133	7662
134	7103
135	4793
136	12358
137	9171
138	5702
139	12947
140	9645
141	8768
142	4698
143	5693
144	4860
145	13584
146	7623
147	11338
148	10658
149	5542
150	11472
151	10302
152	10468
153	5420
154	10942
155	13008
156	10414
157	5634
158	12324
159	6938
160	9233
161	13441
162	13239
163	11365
164	8815
165	10171
166	6982
167	4038
168	10294
169	6224
170	7753
171	6858
172	9436
173	4629
174	3020
175	3479
176	7128
177	4538
178	7320
179	4341
180	11743
181	9032
182	11880
183	13135
184	7037
185	6717
186	5879
187	4211
188	3708
189	3504
190	4999
191	9724
192	9256
193	10553
194	13358
195	5116
196	12812
197	10112
198	6012
199	6964
200	13666
201	9562
202	3715
203	10526
204	10791
205	13409
206	4085
207	3086
208	6864
209	6612
210	2990
211	9505
212	7874
213	11274
214	11367
215	12819
216	12519
217	10824
218	9295
219	5061
220	12039
221	8553
222	11249
223	5230
224	5778
225	6497
226	4498
227	3755
228	7157
229	11006
230	12121
231	12523
232	8238
233	10721
234	11417
235	7721
236	7532
237	4047
238	13761
239	6378
240	6487
241	10301
242	4615
243	4157
244	3127
245	12176
246	13164
247	10977
248	4783
249	3443
250	3013
251	9291
252	9675
253	9903
254	4235
255	10446
256	13452
257	10927
258	12495
259	12592
260	5858
261	12674
262	11430
263	7547
264	8341
265	3177
266	4105
267	12124
268	10061
269	4123
270	4375
271	8822
272	11563
273	3073
274	8809
275	11588
276	5599
277	10366
278	7272
279	13506
280	13233
281	11762
282	3849
283	10131
284	7875
285	11240
286	7493
287	10734
288	10047
289	8910
290	5098
291	6204
292	11137
293	8715
294	3713
295	7885
296	7300
297	3027
298	5331
299	9892
300	8123
301	11008
302	12326
303	12367
