new_id	eid
0	3110
1	8903
2	12635
3	9052
4	9918
5	7560
6	13073
7	8624
8	10104
9	8477
10	8985
11	13263
12	4871
13	11789
14	8823
15	13274
16	8039
17	6598
18	10367
19	12405
20	12182
21	4385
22	12348
23	11398
24	11749
25	3895
26	7083
27	5453
28	10286
29	12356
30	7950
31	11702
32	7248
33	3251
34	4798
35	9495
36	5473
37	11218
38	7475
39	8035
40	7499
41	6060
42	7573
43	12311
44	10280
45	9234
46	10379
47	8065
48	8398
49	10735
50	10197
51	13084
52	3991
53	9576
54	6862
55	3867
56	3047
57	12468
58	13279
59	10898
60	10448
61	11920
62	5774
63	8203
64	6855
65	10424
66	11049
67	5623
68	13579
69	6979
70	10830
71	3014
72	8428
73	8213
74	5705
75	3659
76	10444
77	8416
78	13238
79	9634
80	5415
81	11538
82	11764
83	12766
84	12784
85	12091
86	5170
87	5806
88	9612
89	9440
90	10754
91	5908
92	10128
93	6486
94	10568
95	10088
96	4907
97	9044
98	7831
99	9844
100	6381
101	12362
102	3612
103	4438
104	6510
105	7143
106	9846
107	8562
108	11521
109	8748
110	3163
111	3172
112	9636
113	5567
114	12397
115	10842
116	12702
117	5539
118	7540
119	8974
120	11545
121	11116
122	4874
123	11135
124	8914
125	13700
126	8030
127	12355
128	6087
129	11155
130	5594
131	4118
132	4791
133	11646
134	10592
135	11015
136	6119
137	7592
138	12591
139	8649
140	8287
141	7968
142	3201
143	9108
144	13083
145	12354
146	12571
147	4940
148	11360
149	9863
150	7223
151	8692
152	4092
153	6755
154	9189
155	7397
156	11953
157	6860
158	6182
159	12157
160	7856
161	3122
162	4015
163	6034
164	5987
165	10180
166	7823
167	7666
168	9273
169	8850
170	7005
171	8870
172	6251
173	7177
174	11482
175	13614
176	12097
177	7357
178	9932
179	12191
180	5636
181	9981
182	4635
183	9862
184	8947
185	9886
186	5573
187	5829
188	5593
189	5926
190	6556
191	8704
192	5071
193	11813
194	6515
195	5946
196	12457
197	9126
198	10714
199	8575
200	7777
201	10548
202	11117
203	5720
204	11663
205	12285
206	5845
207	11462
208	4709
209	4529
210	12875
211	3075
212	3606
213	7617
214	6723
215	3643
216	6075
217	3760
218	11854
219	11837
220	9970
221	10085
222	5185
223	11251
224	11302
225	9734
226	3686
227	10335
228	4203
229	13029
230	12604
231	11756
232	8051
233	3903
234	13407
235	4396
236	6789
237	12629
238	11238
239	7203
240	12088
241	6796
242	12080
243	12958
244	3639
245	8740
246	7255
247	12626
248	4747
249	5510
250	5267
251	11594
252	4311
253	9254
254	9364
255	9883
256	7409
257	8366
258	6450
259	7153
260	9771
261	4381
262	8611
263	9308
264	12880
265	12921
266	7670
267	13476
268	3951
269	11335
270	6980
271	5558
272	3549
273	3024
274	4944
275	9579
276	9537
277	8932
278	6712
279	10640
280	10173
281	11131
282	4703
283	3768
284	10706
285	3466
286	13108
287	4027
288	13146
289	9168
290	7099
291	12835
292	3669
293	7365
294	5444
295	9976
296	4361
297	9934
298	4190
299	7581
300	12620
301	3559
302	11350
303	9329
304	6424
305	4055
306	9539
307	7384
308	11698
309	7682
310	7047
311	6482
312	12520
313	13293
314	7943
315	10313
316	3875
317	10838
318	8681
319	10375
320	8357
321	4923
322	6441
323	6412
324	13024
325	4727
326	11891
327	9657
328	6153
329	12317
330	10233
331	10463
332	7765
333	6401
334	13529
335	3605
336	8698
337	3658
338	6461
339	13535
340	7888
341	13703
342	3546
343	13464
344	10676
345	9542
346	9477
347	10054
348	11667
349	7826
350	11073
351	7567
352	7265
353	8929
354	10659
355	4395
356	11761
357	8718
358	4805
359	4014
360	5463
361	12998
362	12542
363	4192
364	10126
365	3356
366	5906
367	4564
368	6536
369	3464
370	13369
371	10965
372	13410
373	5692
374	6388
375	8864
376	5672
377	12776
378	5810
379	5367
380	4480
381	10351
382	3050
383	8429
384	8783
385	8862
386	12716
387	3335
388	7436
389	10132
390	4673
391	5836
392	5404
393	4898
394	4421
395	5934
396	10987
397	9008
398	6518
399	12771
400	8558
401	13177
402	9835
403	10393
404	8770
405	3762
406	6236
407	3547
408	3890
409	3530
410	5738
411	9173
412	13459
413	13045
414	6737
415	6615
416	11289
417	3679
418	5276
419	8695
420	12183
421	4016
422	3499
423	6646
424	12216
425	9430
426	13136
427	5752
428	13290
429	7965
430	9319
431	9367
432	13727
433	10696
434	6741
435	11414
436	9602
437	5411
438	10284
439	13138
440	3357
441	12526
442	10681
443	12434
444	5459
445	10288
446	8509
447	9411
448	3131
449	11325
450	12838
451	3304
452	4975
453	11213
454	9743
455	3428
456	9808
457	10382
