new_id	eid
0	3103
1	11403
2	3587
3	5148
4	3333
5	10321
6	12455
7	12825
8	12984
9	12566
10	11125
11	12485
12	4005
13	8885
14	5087
15	3719
16	7982
17	4302
18	8567
19	6973
20	11304
21	9524
22	12527
23	10310
24	5352
25	5792
26	5293
27	7701
28	11869
29	8187
30	6540
31	10209
32	10760
33	13011
34	7418
35	5001
36	7890
37	4504
38	10034
39	5008
40	5503
41	5036
42	10348
43	3083
44	3516
45	7527
46	8108
47	5668
48	11656
49	13724
50	7873
51	12400
52	7946
53	7966
54	10664
55	8559
56	5912
57	4018
58	11498
59	4306
60	10785
61	4816
62	4777
63	10675
64	12140
65	7171
66	10876
67	12146
68	8969
69	7243
70	12443
71	3856
72	3672
73	10139
74	9315
75	11413
76	5475
77	8671
78	3500
79	9570
80	5077
81	13034
82	12854
83	6636
84	10604
85	11254
86	13800
87	3960
88	10511
89	9281
90	11366
91	12478
92	6254
93	9165
94	4899
95	9354
96	12487
97	13195
98	7095
99	8402
100	12330
101	5685
102	5660
103	5688
104	9838
105	3609
106	8410
107	13285
108	6041
109	11591
110	11207
111	8275
112	13785
113	12172
114	8572
115	12881
116	4786
117	3420
118	10496
119	5780
120	5290
121	9005
122	3287
123	3761
124	7759
125	13091
126	12365
127	7407
128	4609
129	10809
130	10265
131	10384
132	8012
133	3282
134	8958
135	12394
136	3834
137	12238
138	4580
139	12173
140	8981
141	5637
142	3257
143	9293
144	9585
145	6267
146	3313
147	8120
148	4062
149	5667
150	11173
151	6186
152	4994
153	6079
154	10432
155	9599
156	12083
157	7988
158	5885
159	9154
160	13281
161	4290
162	8040
163	6389
164	3784
165	5612
166	12413
167	13626
168	8482
169	12829
170	11108
171	6623
172	5252
173	4265
174	7444
175	11142
176	5147
177	7735
178	8994
179	8188
180	13153
181	3590
182	3498
183	3247
184	12114
185	5894
186	7190
187	6574
188	3093
189	9467
190	5956
191	6019
192	12092
193	4823
194	12428
195	9807
196	13775
197	8173
198	5070
199	4997
200	4712
201	4684
202	9683
203	6188
204	11319
205	13462
206	8309
207	7119
208	4443
209	7249
210	9822
211	4249
212	3716
213	8079
214	3148
215	11175
216	5857
217	5773
218	9122
219	3781
220	4607
221	6336
222	5212
223	10778
224	7929
225	4536
226	10687
227	11958
228	9476
229	4343
230	11468
231	7072
232	12778
233	6271
234	13768
235	4868
236	4189
237	8641
238	7795
239	4832
240	3095
241	7163
242	11363
243	7627
244	3108
245	9794
246	7544
247	4196
248	3780
249	8750
250	11665
251	4285
252	11609
253	9306
254	9352
255	5320
256	10097
257	8816
258	6687
259	13350
260	6488
261	13776
262	13273
263	7878
264	13348
265	10982
266	5681
267	6643
268	6191
269	9197
270	7113
271	13566
272	5442
273	8493
274	11190
275	7000
276	6181
277	8335
278	10920
279	4574
280	6312
281	10374
282	11704
283	12967
284	9868
285	10038
286	4996
287	4426
288	10083
